,-0.558391,-0.879685,-2.389659
,-0.885282,-2.838187,-1.975141
,-0.952497,-2.679493,-1.508465
,-0.743685,-0.863783,-2.058027
,2.792865,-1.053139,3.240073
,3.059976,-1.808466,3.397001
,3.934755,-1.175657,2.143494
,3.725022,-0.804780,2.363860
,4.940355,1.888876,3.879236
,4.794861,1.932581,3.723562
,6.245892,2.997739,2.801789
,6.344221,2.896810,2.995237
,9.234279,4.533408,-0.436552
,8.598954,3.654216,-1.139682
,8.155826,5.010092,-1.498476
,8.596671,6.018060,-0.655824
,4.653182,1.059219,-2.375482
,5.648726,1.376471,-1.162591
,4.481514,-0.402954,-0.929236
,3.670638,0.211376,-2.296397
,-0.542340,-3.868697,1.637363
,-0.295934,-4.025274,1.192222
,1.316194,-3.870702,1.953889
,1.026224,-3.688678,2.248636
,3.808520,-1.821292,-0.906716
,3.604058,-2.959981,-0.723936
,2.472947,-3.032130,-1.299339
,3.182192,-1.674531,-2.225389
,4.899600,8.852034,-1.317888
,3.322512,9.710443,-1.543390
,3.620931,10.363423,0.779598
,5.538186,9.570491,1.474337
,7.884946,5.870657,3.293167
,7.164293,6.347157,2.979281
,6.543620,5.278304,3.513939
,7.125865,5.042086,3.421261
,7.060386,4.475202,-2.462343
,7.559061,3.955669,-2.170573
,7.568749,3.067668,-1.712141
,6.633504,2.952358,-2.291075
,-0.714023,5.879217,7.099361
,0.239016,6.101390,7.065869
,0.191532,8.355121,7.569588
,-0.622839,8.342788,7.739445
,2.253267,0.470666,3.578392
,1.125817,0.789885,3.852552
,0.726051,0.199080,4.432455
,1.906386,-0.074139,4.082677
,-0.943618,1.376258,4.064676
,-0.295193,1.224422,4.051203
,-0.141464,1.468106,4.072552
,-0.796683,1.572577,3.892525
,3.032577,0.378251,2.763111
,3.893711,0.470254,2.197577
,4.434976,0.759184,2.821799
,3.416963,0.855211,3.735903
,6.855031,1.952578,-1.055849
,6.283048,2.291437,-1.793020
,4.879633,3.546684,-3.110296
,3.854131,2.565752,-2.988936
,-1.161829,-3.595270,0.271730
,-0.869946,-3.729895,0.325608
,-0.921613,-4.170117,0.564782
,-1.236622,-4.282471,0.618314
,5.332461,1.076850,0.074675
,4.387323,-0.704282,0.256385
,4.733067,0.729848,1.216708
,5.583909,1.176183,1.504947
,6.894039,2.977970,0.920247
,6.754003,3.086900,1.699909
,6.146111,2.633982,2.236931
,2.050486,10.651622,1.451114
,3.340885,10.449761,1.761945
,2.162958,10.563085,0.502624
,1.605069,1.004878,4.429698
,-0.792883,0.680207,4.567730
,2.621188,-3.203476,-0.812400
,1.899531,-3.304754,-0.356390
,1.305082,-3.453462,-0.684663
,3.759783,-3.098841,0.156277
,3.380625,-3.063082,-0.377449
,4.210924,-3.021625,0.253982
,1.373835,-3.919844,1.111421
,1.790015,-3.637160,0.636712
,2.742959,-3.649477,1.305998
,3.157920,-3.603945,1.829034
,2.654300,-7.488250,-1.675696
,2.714640,-7.620054,-1.313776
,2.160391,-7.615562,-1.538279
,2.279950,-7.430734,-1.910581
,3.921044,-3.286678,1.380370
,4.160207,-2.454838,1.784265
,3.263383,-3.113169,2.478853
,1.825266,-3.528827,0.101467
,1.317973,-3.749250,0.172437
,4.570312,-1.972002,0.283367
,0.702969,-3.840242,-1.252465
,1.179448,-3.383670,-2.229082
,2.807183,2.844203,-3.639548
,3.456287,3.924494,-3.952616
,4.689425,6.308714,-3.613909
,5.988783,5.193696,-2.955353
,6.737145,7.616683,-0.933078
,7.143147,8.345007,0.869603
,2.602967,10.438911,4.051568
,3.637454,9.422549,3.864935
,3.655952,10.367287,2.765153
,2.813710,10.760535,3.216984
,0.674683,10.711226,5.462584
,1.878286,10.383928,5.271797
,0.937076,11.351082,4.122420
,3.422261,1.581899,-2.723278
,-0.163690,1.521176,4.255105
,1.938598,1.482508,4.404741
,6.474795,3.192872,3.431308
,5.151171,2.204680,4.216575
,3.331833,1.686998,4.790684
,3.570025,2.949893,4.756546
,1.549516,2.677971,4.608194
,1.334025,1.819199,4.825112
,-0.697523,1.741942,4.086073
,-0.104084,1.532946,4.237874
,-0.014561,1.959032,4.271974
,-0.590443,2.149745,4.069462
,2.119320,8.490082,-2.398493
,3.299821,8.372904,-2.961299
,3.131518,6.814452,-3.964537
,1.856823,6.564955,-3.764136
,4.896771,7.705293,-2.752955
,6.909576,6.517206,-2.205896
,8.087530,2.965888,-0.151763
,7.435503,2.967240,0.210257
,6.207903,1.331861,0.117600
,4.730743,-3.601900,4.491671
,5.309176,-4.453639,4.241286
,5.776683,-3.990686,4.253264
,5.445330,-3.401701,4.486894
,7.728740,6.539015,-0.520462
,8.197709,6.870081,0.623282
,9.498099,6.299818,0.520388
,5.974180,7.565291,3.271536
,7.831975,6.649739,2.192469
,6.771893,7.938966,2.494328
,4.765526,5.439799,3.781903
,5.181904,6.010331,3.821865
,3.866813,7.571521,4.079300
,3.762740,6.809193,4.155949
,5.997291,4.127095,3.779434
,4.264806,4.665215,4.070999
,4.890335,3.811501,4.147390
,7.507912,5.649218,-1.788837
,7.759667,2.793906,-0.885002
,0.071783,3.421675,4.084128
,1.500363,3.545368,4.470780
,1.605207,4.359479,4.898338
,0.257449,4.109218,4.864207
,3.347106,4.317614,4.212092
,9.439301,3.210967,1.495707
,9.678951,3.355118,1.344422
,9.055518,3.189390,2.621578
,8.857272,3.049950,2.615401
,7.155626,3.366226,2.621853
,7.973130,3.326505,2.773833
,8.173339,3.403646,2.956904
,7.304979,3.489443,2.993885
,2.255815,9.771622,-1.262108
,8.625302,3.130732,-0.288399
,9.513932,3.345513,0.243120
,1.781903,10.883225,1.861948
,2.856275,10.536987,2.304213
,5.014263,10.027490,2.162070
,8.816551,6.060569,2.350250
,8.218374,4.316995,3.240092
,9.383368,4.255174,2.475563
,4.368346,-0.328711,1.277957
,3.522436,-3.308779,1.083709
,2.925627,5.177293,4.654562
,2.315769,6.057108,5.390151
,1.447710,5.314192,5.378081
,0.752839,11.305256,2.645564
,1.866195,11.183128,2.851243
,4.112867,8.665563,3.466491
,3.231794,9.460262,4.252933
,3.306032,8.706246,4.298847
,3.959443,7.843000,3.870107
,-0.493499,3.970697,4.912176
,0.303534,4.895668,5.617530
,-0.677562,4.717279,5.669182
,2.129635,6.604945,5.552069
,2.220665,7.129261,6.074440
,1.302913,6.385406,6.164407
,1.258887,5.794782,5.581464
,-0.207480,11.362102,4.354650
,2.877151,9.332216,5.120512
,9.929387,4.363732,0.667082
,7.432863,4.033938,3.164950
,6.813489,4.552655,3.485386
,6.237988,4.829766,3.643475
,5.075575,1.875323,3.156855
,9.454561,2.749136,1.787287
,9.546235,2.806069,0.914811
,9.411878,3.106956,0.680918
,9.067512,2.867260,0.494015
,8.814513,3.045852,0.334656
,8.442961,2.724420,0.196256
,7.599333,2.865860,0.422861
,6.927752,2.927305,1.035495
,6.702928,2.993725,1.724544
,6.537947,2.657876,2.505583
,6.838143,3.224746,2.253453
,7.111109,3.443737,2.402585
,6.898000,2.791929,2.788669
,7.274492,2.930493,3.041631
,8.167559,2.798080,2.762995
,8.930861,2.722576,2.613240
,-0.757781,1.683707,4.106632
,1.919148,1.492117,4.592034
,3.102015,1.415051,4.320254
,2.880161,1.141683,4.286276
,2.807445,-0.257881,3.151693
,3.230060,1.452876,4.501487
,3.145378,-2.737440,3.293574
,2.942138,-2.747740,3.866466
,1.325769,-3.768944,3.870029
,0.971631,-3.788334,2.580102
,-0.740454,5.387184,6.507176
,0.255360,5.603179,6.435835
,1.491253,8.467101,6.604188
,1.381124,7.893324,6.599850
,1.998141,7.860749,6.316738
,1.879355,8.215400,6.403811
,3.519407,5.913303,4.240230
,3.260752,7.734544,4.281551
,2.719564,6.760858,4.831118
,2.926232,8.486376,4.766681
,2.450467,8.559315,6.039536
,2.500514,7.884105,5.728658
,1.654341,9.144866,6.337494
,-0.566886,9.991413,6.253263
,-0.598826,9.536406,6.575272
,0.520255,9.458430,6.502464
,0.396841,9.944309,6.139490
,-1.603281,-3.019376,4.166532
,-0.806165,-3.372628,4.462606
,-1.159448,-1.090717,4.825834
,-1.668680,-1.014672,4.223350
,0.865749,-3.015616,4.811969
,0.414586,-1.016027,4.881726
,1.825624,-0.873749,4.435918
,2.319862,-2.106841,4.678134
,3.907690,-0.180497,2.142765
,4.320736,-1.067685,0.363288
,4.019023,-0.879170,-1.003866
,3.411519,-0.496448,-2.430265
,2.535936,-0.363817,-2.851170
,2.872805,0.529684,-2.567552
,0.151482,1.745367,-2.858313
,0.787849,1.407867,-2.930139
,0.274909,0.823121,-2.640858
,-0.204207,1.042255,-2.653336
,-1.435673,0.677343,4.335030
,0.866403,3.369931,-3.760954
,1.680938,3.119848,-3.804874
,1.979142,-3.831296,-0.700944
,1.916388,-4.152531,-0.116416
,1.895476,-4.366620,0.556070
,2.610812,-4.065483,1.260959
,3.429928,-3.877439,0.848759
,3.615265,-3.767658,0.050934
,3.363094,-3.580661,-0.619515
,2.596847,-3.669002,-1.019634
,2.243506,-6.229257,-1.203908
,2.476633,-6.065215,-1.473418
,2.420011,-6.189963,-2.135078
,2.142994,-6.499990,-1.634722
,2.062730,-6.960485,0.125236
,2.103867,-6.395564,-0.615090
,1.982792,-6.722898,-1.174879
,1.838200,-7.204301,-0.344860
,2.580853,-7.531474,0.978476
,2.577280,-7.008304,0.418198
,2.008331,-7.595388,0.821938
,2.701034,-6.289816,-0.214406
,3.306836,-6.729181,-0.194132
,3.086902,-6.189401,-0.455781
,2.888856,-6.047634,-1.209479
,3.169021,-6.159035,-0.842060
,3.547148,-6.620305,-0.776450
,3.087662,-6.250176,-1.683730
,2.726749,-6.005452,-1.467474
,2.869234,-6.119093,-2.163548
,2.107771,-6.870140,-1.878681
,2.454769,-6.578772,-2.466409
,2.574465,-7.189429,-2.382925
,2.198002,-7.937346,-0.934323
,1.924983,-7.418005,-0.778887
,1.938231,-7.098805,-1.415359
,2.861563,-8.512825,3.759362
,2.872734,-9.208526,3.769227
,3.758004,-9.341337,3.031842
,3.752722,-8.723997,3.068519
,3.261802,-6.638354,-1.916907
,3.716576,-6.901549,-0.958204
,3.754540,-7.414383,-1.137497
,3.315284,-7.230745,-1.951702
,2.980847,-6.496883,-2.441249
,3.087137,-7.118844,-2.396622
,2.708632,-5.358605,0.698101
,3.172207,-5.276058,0.514093
,3.267539,-4.869409,0.538949
,2.681934,-5.006166,0.841909
,2.178003,-5.064367,0.187027
,2.012151,-5.171306,-0.020981
,1.844054,-5.517708,0.028827
,2.387142,-5.416966,0.274849
,2.116112,-4.625313,-0.775888
,2.042827,-5.021495,-0.972625
,1.972183,-5.260245,-0.519700
,2.041288,-4.887207,-0.399765
,2.403555,-4.556587,-0.916909
,2.366702,-4.744427,-1.216970
,3.174928,-4.479449,-0.785638
,3.381947,-4.872060,-0.959465
,3.002781,-4.677546,-1.150398
,2.944352,-4.497094,-0.895044
,3.352514,-4.789999,-0.427105
,3.538714,-5.353575,-0.457376
,3.241326,-4.714281,-0.096997
,3.150865,-5.328324,0.073403
,3.317267,-4.450817,0.754810
,3.266940,-4.289586,0.066706
,3.374067,-4.248410,-0.251502
,3.088859,-4.165930,-0.663168
,2.830750,-4.406384,-0.806811
,2.668319,-4.184056,-0.730657
,2.686649,-4.373321,-0.762039
,2.512778,-4.447833,-0.787444
,2.155081,-4.262092,-0.626621
,2.048012,-4.617597,-0.286076
,2.001521,-4.747025,0.140865
,2.216264,-4.680698,0.365918
,2.697210,-4.586627,1.016660
,2.633034,-4.272495,0.960179
,3.312952,-4.104128,0.620552
,3.390690,-4.062045,0.253357
,2.175954,-4.463234,0.603587
,9.715861,1.876714,1.712502
,9.339567,0.413400,1.737213
,9.421720,0.458205,1.181395
,9.871305,1.781575,0.968005
,9.323812,0.298634,0.835991
,9.560325,1.698841,0.606059
,8.998088,1.646640,0.417628
,8.989032,0.338674,0.604858
,7.982616,0.507481,0.712308
,7.997258,1.573215,0.634467
,7.053729,0.657489,1.334983
,7.067157,1.578247,1.236120
,6.559447,0.885595,2.038109
,6.586994,1.700684,1.897480
,6.622817,1.057282,2.656854
,6.326074,1.799456,2.516008
,6.778146,1.074973,2.870259
,6.657476,1.886657,2.912214
,7.052427,1.979414,3.228631
,6.993114,1.051637,3.005247
,7.889159,0.791662,3.157889
,8.019224,1.954970,2.938455
,8.645347,0.643264,2.875604
,8.784617,1.924770,2.700004
,9.370037,-0.778085,2.255170
,8.816329,-1.521423,2.623172
,8.840425,-1.735610,1.430980
,9.343915,-0.846434,1.159801
,8.632774,-1.749455,0.876696
,9.366636,-0.677896,0.359971
,8.610613,-0.624719,0.442065
,8.196349,-1.526882,0.677708
,7.332791,-1.108242,0.901784
,7.541209,-0.263641,0.481308
,6.442732,-0.665769,1.539168
,6.588230,0.133808,1.183423
,5.853657,-0.222319,2.318575
,5.945212,0.550977,2.018494
,5.529386,0.043055,3.113542
,5.826206,0.861323,2.993181
,5.751384,-0.012906,3.461916
,6.118525,0.815491,3.361295
,6.512840,0.669254,3.650302
,6.119597,-0.172807,3.762985
,7.256784,-0.648639,3.960838
,7.660573,0.164376,3.884030
,8.095032,-1.126448,3.645066
,8.539115,-0.281011,3.530039
,7.557212,-1.901280,3.659714
,8.318599,-2.278802,2.856158
,-0.380693,2.939782,4.023589
,0.024640,2.803479,4.150087
,-0.296878,3.434119,3.997394
,-0.371683,-4.208036,3.743837
,-1.466726,-3.676204,3.406365
,-1.331837,-3.839176,1.918259
,-0.290655,-4.205884,2.116296
,0.162944,5.314686,5.849936
,-1.306010,-3.860914,1.643921
,3.036890,-2.672335,2.722444
,3.863096,-1.794692,1.911059
,3.877788,-1.668979,2.101745
,-0.562517,0.316405,-2.239713
,-0.397814,0.185637,-2.514898
,2.065731,-1.538351,-3.024608
,3.025789,-5.776382,-0.124469
,3.281837,-5.732646,-0.656156
,2.718866,-5.861093,0.167837
,2.772151,-5.440672,0.439701
,2.457274,-5.535062,0.196186
,2.255738,-5.882839,-0.202740
,2.112561,-5.433977,-1.089435
,2.175178,-5.664287,-0.695386
,2.304409,-5.356526,-1.273028
,3.235451,-5.428465,-1.090695
,2.841275,-5.268972,-1.292160
,2.991412,-5.923336,-0.423679
,2.720975,-5.992547,-0.102987
,2.904135,-5.768994,-1.135631
,3.023170,-5.833915,-0.933984
,2.626075,-5.729081,-1.242440
,2.803556,-5.694525,-1.229833
,2.397501,-5.844709,-0.952055
,2.374229,-6.008889,-0.481573
,-0.054825,0.146860,-2.627810
,1.606840,0.726092,-2.870132
,1.255077,-0.010807,-3.020035
,-0.243181,-0.882675,-2.754730
,0.959080,-1.204332,-3.196143
,-0.610430,-3.483607,-1.561808
,-0.794125,-3.246222,-1.104486
,-0.611922,-3.008904,-2.274828
,-0.406149,0.636841,-2.532689
,-0.284623,0.500996,-2.558933
,2.291102,4.284284,-4.191698
,1.346994,4.495546,-4.166672
,2.116693,1.513149,-3.088418
,-0.939360,-4.352874,1.093561
,-0.904872,-3.933677,1.411198
,-1.307980,-3.954332,1.574370
,-1.293097,-4.369453,1.158565
,-0.618354,-4.007300,1.164478
,-0.704804,-4.202957,1.036910
,-0.696846,-4.010038,0.645846
,-0.617759,-3.789717,0.634760
,-0.143704,-3.598783,0.151531
,0.120969,-3.809947,0.429816
,-0.429784,-3.529729,0.362297
,0.299771,-3.884589,-0.423155
,0.111259,-3.726382,-1.583099
,0.192293,-3.235893,-2.509376
,-1.084422,-3.205682,-0.312289
,-1.053745,-2.892008,-0.502360
,-0.813439,-3.415974,-0.525160
,-0.779607,-3.456605,0.120858
,-0.543356,-3.571026,-0.633795
,-0.075413,-3.723978,-0.738291
,-1.118303,-3.387914,-0.059131
,4.458021,-3.198812,3.237156
,4.169575,-3.279452,3.530013
,3.952105,-2.807096,3.571219
,4.122602,-2.586191,3.336448
,5.789814,-5.050587,2.334002
,6.236152,-5.248264,2.106528
,6.154064,-5.314707,1.826275
,5.648176,-5.058545,2.082188
,3.476357,-4.042481,2.887163
,3.756087,-4.483629,2.727356
,3.474470,-4.716249,2.669873
,3.168530,-4.207458,2.850350
,5.192594,-3.890566,3.121188
,4.785151,-4.095994,3.387203
,4.495456,-3.664435,3.491407
,5.210561,-2.770159,4.426120
,4.578489,-2.647808,4.384356
,5.984435,-4.375991,2.670658
,6.586334,-3.694991,2.039960
,7.152180,-3.991247,1.905360
,6.509103,-4.632520,2.300530
,7.337308,-3.794022,3.452431
,6.882531,-3.476842,3.838904
,6.351622,-4.255280,4.025657
,6.933008,-4.277877,3.674754
,4.942852,-4.371531,2.546430
,5.341256,-4.661181,2.325645
,5.229021,-4.722477,2.006013
,4.767937,-4.380991,2.245623
,5.617840,-4.591554,3.086166
,5.186120,-4.364755,3.266550
,6.534944,-3.169837,4.124667
,6.177670,-2.261508,1.924023
,5.822790,-2.931957,2.472745
,5.104954,-2.089262,2.611538
,5.369771,-1.490268,2.413905
,7.014165,-2.934113,1.633121
,6.853109,-2.107148,4.085903
,6.144101,-2.761488,4.291934
,7.040545,-2.514321,3.936814
,6.372446,-1.626980,4.165699
,5.683513,-2.206867,4.235128
,7.395757,-2.663655,3.676292
,7.797017,-3.019298,3.290711
,7.635350,-3.266242,1.644184
,8.098882,-3.489607,2.055420
,8.292151,-3.512702,2.705960
,7.726350,-4.236602,2.947664
,7.594751,-4.312401,2.410951
,5.013424,-1.693071,3.949554
,5.351497,-1.057265,3.837121
,3.921158,-2.526388,2.893128
,4.457119,-2.268421,2.892215
,4.662708,-2.416615,3.277648
,4.016416,-2.774804,3.264364
,4.619358,-1.609713,2.959084
,4.866843,-0.966064,2.794103
,7.010793,-4.708480,3.394383
,6.908545,-4.823771,2.686691
,4.205968,-2.411650,3.726171
,4.749991,-1.755194,3.446261
,4.497863,-3.604107,3.740619
,4.547873,-3.436024,3.706404
,4.479162,-3.912540,4.332480
,4.835698,-4.482526,4.199520
,5.120304,-4.236800,3.582883
,4.926192,-4.267819,3.588818
,4.020303,-2.691372,3.834945
,4.294915,-2.777070,4.511148
,4.547616,-3.420326,4.411835
,4.359167,-3.436416,3.737402
,5.125460,-4.398961,3.517104
,5.191297,-4.800558,3.979802
,5.757224,-5.107905,3.727210
,6.119501,-4.813318,3.810848
,5.801571,-4.737168,3.234975
,5.942433,-4.650815,3.217103
,6.417563,-4.995373,2.612667
,5.982708,-4.841278,2.853858
,5.967630,-4.818927,3.135105
,6.227033,-5.012081,3.681681
,6.885639,-5.127156,3.432228
,6.677465,-5.043882,2.793614
,4.379923,-4.328271,3.386937
,4.138660,-3.918307,3.493215
,4.078145,-3.918095,3.757241
,4.127530,-4.190032,4.264462
,4.384595,-4.593009,4.170351
,4.440948,-4.517342,3.626245
,3.487371,-3.067402,3.747035
,3.617918,-2.962128,4.096461
,3.830492,-3.056672,4.396437
,4.003718,-3.518697,4.286545
,3.898052,-3.609962,4.005445
,3.683624,-3.503488,3.707927
,5.398158,-4.902397,2.964076
,5.010209,-4.675485,3.122765
,4.890719,-4.783153,3.283483
,4.923277,-5.217815,3.581960
,5.342590,-5.439009,3.432268
,5.476968,-5.127664,3.071091
,6.352415,-5.284723,2.654682
,5.930761,-5.157619,2.848722
,5.876238,-5.245512,3.051471
,6.048520,-5.581816,3.395409
,6.506739,-5.710750,3.234748
,6.510107,-5.437677,2.794916
,4.139430,-4.481292,3.354422
,3.872393,-4.035115,3.465216
,3.762587,-4.094553,3.738723
,3.942770,-4.883149,4.076943
,3.748638,-4.384119,4.232298
,4.127192,-4.718307,3.582296
,3.213157,-3.183881,3.965922
,3.403721,-3.084629,4.403492
,3.827406,-3.684333,4.686841
,3.668440,-3.145576,4.719963
,3.705333,-3.757548,4.334314
,3.424698,-3.658550,3.924843
,5.273876,-5.050558,2.784200
,4.854690,-4.795047,2.956914
,4.695810,-4.964460,3.071789
,5.046216,-5.706777,3.006243
,4.649391,-5.420421,3.288961
,5.290040,-5.332730,2.830731
,6.295813,-5.441489,2.543988
,5.835416,-5.291301,2.736157
,5.721817,-5.481826,2.860534
,6.245091,-6.133335,2.866904
,5.793561,-5.921357,3.126896
,6.378261,-5.709160,2.608609
,4.021253,-4.520278,3.113969
,3.702753,-4.008237,3.274761
,3.444983,-4.103871,3.534500
,3.385974,-4.420309,3.666975
,3.192449,-4.458775,3.155668
,3.393606,-4.811651,3.046320
,3.683416,-4.923261,3.520984
,3.905169,-4.872381,3.297620
,2.823293,-3.299556,3.991766
,2.394440,-3.561942,4.313609
,2.543146,-3.529874,4.596323
,2.949959,-3.166946,4.395454
,3.200974,-3.319281,4.725690
,2.788786,-3.588976,4.788438
,2.958010,-3.977655,4.742289
,3.461070,-3.875922,4.683237
,2.788743,-4.095068,4.532518
,3.326714,-4.010695,4.314295
,3.071338,-3.858344,3.941565
,2.611263,-4.052277,4.267890
,5.312095,-4.981339,2.609555
,4.836990,-4.666396,2.835337
,4.545863,-4.830242,2.793654
,4.527237,-5.119607,2.648459
,4.680273,-4.752131,2.253422
,4.989738,-5.010308,2.097852
,5.016263,-5.450923,2.470496
,5.269132,-5.319425,2.479585
,6.274896,-5.465275,2.348272
,5.743406,-5.274816,2.585209
,5.515302,-5.493527,2.597703
,5.585979,-5.771488,2.523000
,5.609989,-5.455505,2.063861
,5.952112,-5.670819,1.906745
,6.122504,-6.001551,2.330065
,6.320926,-5.805525,2.267215
,5.617564,-0.870503,3.648498
,5.347190,-0.774866,3.396813
,5.055308,-0.886283,3.357438
,6.318455,-1.201403,3.891583
,8.412903,-2.675574,1.754349
,8.110674,-2.616877,1.410265
,7.637681,-2.349916,1.279366
,7.199490,-2.135089,1.349860
,6.376668,-1.585431,1.839969
,5.766158,-1.028873,2.571306
,5.201142,-0.750459,3.071146
,4.492949,-1.519784,3.036732
,4.460269,-1.019779,3.019151
,4.685919,-0.897620,3.415299
,4.827911,-1.602819,3.888510
,4.718407,-1.706307,3.440699
,4.324554,-1.684054,3.130147
,3.942902,-1.410118,3.210345
,3.967965,-1.375970,3.622981
,4.840618,-1.048027,3.857296
,4.165155,-1.493451,3.999089
,4.547530,-1.799336,3.914714
,4.549937,-1.822079,3.491002
,4.406867,-2.100534,3.971408
,4.609358,-2.606693,3.730013
,4.458529,-2.001172,3.509825
,3.899312,-1.951874,4.043967
,4.070891,-2.816228,3.741651
,3.689938,-1.806769,3.152289
,3.668999,-1.831372,3.618747
,4.208762,-1.881219,3.090318
,3.892781,-8.723870,0.859448
,4.017405,-9.094692,1.963817
,2.882122,-9.239593,1.961782
,3.130785,-8.910172,0.862671
,3.937503,-7.940500,-0.247427
,3.790717,-7.355670,-0.015866
,3.820031,-8.271032,0.988916
,3.529402,-8.182753,1.510923
,3.805201,-8.398516,2.356568
,4.009045,-8.559455,2.072826
,1.256752,-9.386909,1.096186
,0.540407,-9.443277,1.973911
,0.472850,-8.913792,2.052045
,1.045134,-8.761490,1.146270
,1.399097,-8.393902,1.188026
,0.979360,-8.603128,1.947535
,1.646654,-8.491060,2.149404
,1.904185,-8.399367,1.363466
,-0.473178,10.762304,5.628872
,1.830523,-7.895333,-0.151268
,1.647247,-7.827386,0.458801
,2.141512,-8.436173,-0.342035
,3.436998,-7.028610,0.352377
,2.382333,-9.090189,0.889033
,2.741604,-8.321380,-0.212890
,3.327842,-8.128987,-0.224904
,3.815684,-7.589966,-0.821349
,3.708247,-7.054630,-0.570873
,0.511105,-8.730131,3.601552
,0.918904,-8.426654,3.318783
,0.566527,-9.252795,3.612900
,1.423733,-8.490345,3.358145
,3.628361,-8.599237,2.980641
,1.798640,-9.311007,1.923776
,1.299707,-9.198715,4.026245
,2.812176,-8.508505,3.307513
,2.700739,-8.412008,2.354123
,2.695376,-8.344060,1.541433
,2.943159,-7.377741,-1.818026
,3.196367,-7.533468,-1.258090
,2.754025,-7.912568,-0.859744
,0.546416,6.705858,7.035023
,0.472715,8.158568,7.364933
,0.789664,9.211128,6.562613
,1.524531,8.825681,6.347695
,0.829422,8.797344,6.609404
,1.043102,8.402050,6.803736
,0.492013,8.053439,6.970165
,0.623848,7.096294,6.771177
,1.230479,6.835221,6.290772
,1.947214,7.382298,6.107811
,2.080807,8.315748,6.125605
,2.138237,7.886494,5.898517
,0.802566,7.959422,6.873940
,0.925033,7.443955,6.771318
,1.339937,7.260732,6.564319
,1.784841,7.485827,6.380455
,-0.759620,5.093557,5.932913
,2.476986,7.343451,4.994662
,3.266279,8.034175,4.195481
,3.030196,8.283072,4.474222
,2.895865,8.220715,4.304101
,2.944511,8.181963,4.242631
,2.387203,7.285558,4.848190
,2.988041,8.033910,4.281340
,2.473868,7.084680,4.817327
,1.229812,5.824230,5.416965
,2.044822,6.596217,5.407852
,2.115860,6.398164,5.372756
,1.302261,5.642963,5.366770
,0.189834,5.206486,5.629757
,0.134630,5.360091,5.696125
,-0.757593,5.146218,5.771587
,-0.719813,5.024241,5.705797
,6.771888,4.036108,3.428920
,6.917119,3.333250,3.161341
,5.513845,6.648040,3.617081
,3.284351,8.361926,4.289364
,1.313031,-8.474035,4.034556
,2.557610,-5.226641,-1.323324
,2.710551,-4.597784,-0.862059
,2.684829,-4.663207,-1.196878
,0.077994,8.608947,4.082902
,0.784103,8.520103,4.118448
,-0.627640,8.697351,4.047315
,1.492012,8.428709,4.154387
,2.206403,8.326934,4.192665
,3.291260,-7.786660,-0.802607
,-5.943657,7.439638,1.291947
,-6.066900,6.978905,1.104879
,-5.260559,6.880500,1.929937
,-5.398053,7.446359,1.869010
,-4.090066,7.219923,2.552208
,-4.270470,7.829773,2.488389
,-4.217861,8.473927,3.714767
,-3.956880,8.772042,3.445386
,-4.372222,8.492235,2.276170
,-4.283519,8.519502,4.161366
,-4.178338,8.643114,4.509076
,-4.168002,8.917039,4.218567
,-6.194491,7.888626,1.183822
,-6.715068,7.174365,0.314219
,-6.410274,6.422794,0.501139
,-5.918614,6.291224,1.236214
,-6.795170,2.140117,-2.309925
,-6.404018,2.008903,-2.365220
,-6.754276,3.143957,-2.027267
,-7.193315,3.264501,-2.133352
,-7.149568,4.214321,-1.922895
,-7.530575,4.354291,-2.215313
,-7.573490,3.408135,-2.392758
,-6.825610,4.846829,-2.155446
,-6.994922,4.958283,-2.310807
,-6.907510,5.093809,-1.287838
,-7.299541,5.439844,-1.451488
,-6.670952,5.837797,-0.477535
,-7.101228,6.120863,-0.739810
,-6.128526,6.646327,-0.218203
,-6.461467,6.507977,-0.380963
,-6.755162,6.667170,-0.031564
,-7.570600,1.918325,-2.453893
,-7.221613,2.334006,-2.448898
,-7.683339,2.675681,-2.969912
,-8.184909,2.416137,-3.329470
,-7.874986,1.196659,-2.749822
,-7.768313,1.119450,-2.519588
,-7.565291,1.558212,-2.139769
,-8.286578,1.337624,-6.375750
,-8.604568,0.602506,-5.857360
,-8.661295,1.100938,-5.456394
,-8.436595,1.516748,-5.904008
,-3.596946,-3.623906,-0.769895
,-3.596189,-3.750383,-0.106836
,-3.428114,-4.132846,-0.530396
,-3.464960,-4.127441,-0.949783
,-3.759747,-3.020853,-0.485886
,-3.784429,-3.109297,0.056062
,-3.383956,-3.325473,-0.329248
,-3.613812,-3.467766,0.598438
,-2.553282,-3.641251,-0.783737
,-2.455921,-3.577260,0.128065
,-2.090340,-3.573445,-0.958046
,-2.158754,-3.438732,-0.056336
,-2.102601,-3.535558,-1.800039
,-1.389327,-3.421129,-1.642237
,-1.612836,-3.493674,-0.743306
,-1.337350,-3.379415,-0.576819
,-1.492908,-3.408817,0.051798
,-1.900586,-3.426967,0.215801
,-3.074860,-4.826375,-0.937732
,-2.982288,-4.782726,-0.372409
,-3.258367,-5.320590,-0.340335
,-3.141816,-5.362223,-0.856286
,-3.285104,-4.420698,-1.005095
,-3.239755,-4.550786,-0.574916
,-3.179751,-7.424594,-0.493725
,-3.665999,-7.453512,-0.613256
,-3.268781,-7.453953,-1.059410
,-3.023615,-7.423222,-0.824149
,-3.662803,-6.106444,-1.109011
,-3.425475,-6.113987,-1.301172
,-3.307249,-6.485917,-1.878560
,-3.648117,-6.489372,-1.460394
,-3.013787,-6.090761,-0.884870
,-3.005655,-5.951097,-0.316615
,-2.689439,-6.426202,-0.568009
,-2.727952,-6.445419,-1.088007
,-3.666805,-6.944462,-1.533220
,-3.253872,-6.930950,-1.980695
,-3.259204,-7.469444,-1.703955
,-3.601964,-7.467967,-1.327739
,-2.548247,-6.835149,-1.129653
,-2.501014,-6.817753,-0.602958
,-2.579715,-7.350714,-0.548068
,-2.601960,-7.360807,-0.964089
,-2.766572,-7.396366,-1.539678
,-4.320005,-6.592514,-0.677088
,-4.366156,-6.935554,-0.764258
,-3.915912,-7.603360,-0.270750
,-4.398725,-7.514725,-0.483263
,-4.251554,-7.438630,-0.722862
,-3.399264,-7.616115,-0.092251
,-3.695717,-7.891294,0.548138
,-4.207361,-7.823945,0.237255
,-4.517855,-8.240761,1.402383
,-5.167260,-8.145322,1.004312
,-4.721093,-7.712628,-0.051243
,-2.826804,-7.480433,0.053295
,-2.724304,-6.917289,0.093153
,-2.941719,-7.236773,0.839796
,-3.069772,-7.851901,0.713733
,-2.880812,-6.601721,0.414524
,-3.056436,-6.980628,1.418684
,-3.307763,-6.307180,0.633103
,-3.590333,-6.776661,1.518249
,-3.672973,-5.818846,-0.135489
,-3.943305,-6.445163,0.725084
,-4.318885,-6.473188,-0.122899
,-4.638282,-6.641742,0.349326
,-4.195109,-6.826552,1.388687
,-3.990257,-5.920531,-0.434569
,-3.996976,-6.099054,-0.784964
,-4.484177,-6.961995,-0.447918
,-8.756509,0.748047,-4.886137
,-8.856518,0.707642,-4.185650
,-8.587841,1.637024,-4.100970
,-8.549274,1.774562,-4.673231
,-8.264343,2.516175,-4.501527
,-8.069905,2.712981,-4.891217
,-8.388097,1.898784,-5.184235
,-8.314340,2.543325,-3.992249
,-8.030582,3.165045,-4.332229
,-7.776330,2.171909,-6.479267
,-8.136512,2.099157,-5.785830
,-8.496255,0.301500,-3.160469
,-8.371491,1.510985,-3.438907
,-8.659760,0.796438,-3.574518
,-3.854942,-8.403075,2.989088
,-4.827551,-8.393669,2.485972
,-3.867970,-8.297676,1.806263
,-4.472968,-8.356045,5.006886
,-5.722117,-8.369827,4.010794
,-6.122736,-7.872930,2.993582
,-5.711322,-7.675630,4.009205
,-5.447050,-7.667825,3.639583
,-5.976041,-7.744874,2.971443
,-5.848386,-7.796999,1.993253
,-5.787957,-8.352938,1.962690
,-6.099189,-8.498442,2.985439
,-4.492884,-7.634049,5.008576
,-4.259498,-7.646366,4.364359
,-3.785237,-7.550932,4.579831
,-3.551611,-7.834367,5.030093
,-3.603151,-8.360576,5.020977
,-4.883106,-7.561068,2.863714
,-5.815884,-7.576639,2.324097
,-3.760088,-5.400207,-1.585728
,-3.645513,-5.788853,-1.295663
,-3.750172,-5.840958,-1.199738
,-4.157331,-5.559427,-1.404876
,-3.160293,8.886571,-3.215213
,-2.492741,9.241989,-3.451200
,-2.272186,7.535180,-4.225407
,-3.214270,7.525939,-4.102478
,-2.270102,5.537557,-4.377097
,-3.725958,6.039787,-4.162546
,-5.468704,4.504158,-0.773178
,-5.189570,3.611588,0.784140
,-5.170820,4.724826,1.226806
,-5.380728,5.851386,0.056437
,-5.484042,2.377499,0.338230
,-4.886107,3.221178,0.237766
,-5.059661,3.748022,-0.876182
,-5.743424,2.151332,-0.544021
,-1.634886,10.818611,5.478767
,-1.531368,10.016285,6.166500
,-4.064264,9.326296,4.202602
,-4.083282,9.892006,-2.307990
,-3.537987,9.817733,-1.719244
,-3.776772,8.722648,-3.330583
,-3.908180,-5.624948,-0.533717
,-3.883129,-5.824687,-1.012994
,-5.640941,1.559088,-1.417118
,-6.272663,-0.473089,0.937055
,-6.184988,0.335260,0.839476
,-2.786834,10.623509,5.285348
,-2.827107,9.316220,6.396558
,-1.981532,9.310086,6.604787
,-3.747864,7.513853,4.934156
,-4.142917,8.515736,4.376940
,-4.127226,8.525489,4.286685
,-3.449557,8.566513,4.251152
,-4.104496,8.423333,4.289813
,-3.693621,7.423189,4.825114
,-2.751455,8.602966,4.203208
,-3.400626,6.708887,5.374846
,-3.459030,6.788644,5.494936
,-2.044917,8.636210,4.151124
,-2.666183,5.872657,5.365124
,-2.704085,5.959172,5.481563
,-1.336443,8.667259,4.099013
,-1.635175,5.420716,5.725430
,-1.604657,5.313872,5.627977
,-4.206228,8.274270,4.193802
,-5.306916,9.737171,0.443674
,-4.541830,10.307053,1.078891
,-3.483433,10.893368,-0.480088
,-4.438313,10.259912,-0.842996
,-2.638203,10.076528,-2.057338
,-5.331719,3.786795,-4.689399
,-5.800821,2.898600,-5.078579
,-5.893241,3.067813,-5.571862
,-5.440910,4.016158,-5.660213
,-8.060021,3.759576,-3.351074
,-6.126447,2.331415,-3.145663
,-6.056035,3.221590,-2.670640
,-5.957886,2.591686,-4.072373
,-5.581992,3.450147,-3.640502
,-4.106639,-4.702746,-1.794006
,-3.792201,-4.635561,-1.799780
,-3.487705,-5.299808,-1.586430
,-3.273763,-5.700949,-0.974929
,-3.465026,-5.782229,-1.259148
,-3.230893,-5.348109,-1.437900
,-3.175742,-6.103532,-1.220755
,-4.520663,-3.938494,-1.478640
,-4.125572,-3.881602,-1.493762
,-4.011899,-4.117653,-1.518307
,-4.131551,-4.200025,-1.561062
,-3.604980,-3.840839,-1.336731
,-3.370203,-4.283381,-1.410131
,-3.623998,-4.325115,-1.585290
,-3.818002,-4.173206,-1.506821
,-3.462647,-4.659650,-1.737647
,-3.912148,-4.427183,-1.560550
,-4.164617,-4.370292,-1.635358
,-4.762089,-7.111080,0.019639
,-4.022370,-5.358187,-0.373573
,-3.696368,-5.466082,-0.216592
,-3.763773,-5.224919,-0.089053
,-4.213763,-5.651505,-0.870835
,-3.076471,-5.300202,-1.248457
,-3.291535,-5.591554,-0.502544
,-3.893750,-4.771663,-0.145414
,-3.553738,-4.865981,-0.238311
,-3.530610,-4.723256,-0.248720
,-3.882026,-4.652781,0.024590
,-6.363397,4.244067,-6.054811
,-6.630195,3.361807,-6.182076
,-7.590390,3.496221,-5.435587
,-7.455539,4.272151,-5.507296
,-5.781099,4.150733,-6.084290
,-6.203915,3.211128,-6.048006
,-5.392941,5.443207,-6.091265
,-5.241539,4.982756,-5.495844
,-7.760646,-0.039402,-7.444609
,-7.444007,-0.047832,-7.140515
,-7.201689,-0.397828,-7.320914
,-7.306444,-0.621279,-7.593618
,-7.404211,-0.987805,-7.104733
,-7.925544,-0.603759,-6.730484
,-8.160000,-0.565035,-6.989577
,-7.769875,-0.852922,-7.230895
,-7.848840,-0.834602,-6.475045
,-7.540304,-0.750888,-6.184625
,-7.236883,-1.143423,-6.299100
,-7.351415,-1.427656,-6.527501
,-7.415423,-1.696679,-5.973413
,-7.948299,-1.251499,-5.653843
,-8.187093,-1.297984,-5.916535
,-7.768946,-1.585769,-6.096508
,-8.052030,-1.503520,-4.929241
,-7.705558,-1.307671,-4.755129
,-7.414654,-1.723932,-4.690301
,-7.553031,-2.081638,-4.746436
,-7.565979,-2.060840,-4.126784
,-8.038601,-1.474814,-4.003507
,-8.314485,-1.609919,-4.191834
,-7.940341,-1.995929,-4.259918
,-7.289005,-1.608320,-2.946844
,-7.672951,-1.201102,-2.836948
,-8.023151,-1.420827,-2.938589
,-7.567319,-1.737201,-3.008539
,-7.371264,-1.750597,-3.543351
,-7.131725,-1.556932,-3.544064
,-7.056934,-1.437033,-3.026623
,-7.822280,-1.413517,-3.726143
,-7.453374,-1.162787,-3.638176
,-8.081746,4.007502,-4.311176
,-8.076286,4.949187,-4.266366
,-7.194017,5.183558,-5.557369
,-4.534905,3.263735,2.182137
,-5.051504,4.611069,1.952113
,-3.992843,7.800666,3.664676
,-5.492923,7.926302,1.704563
,-5.452364,4.843544,-2.260867
,-5.159299,6.479009,-1.625285
,-5.021188,6.763772,-2.502686
,-2.879323,-6.424188,-1.716952
,-2.733814,-6.876648,-1.843113
,-0.649116,7.752291,-4.470458
,0.978901,7.364925,-4.326767
,0.514087,4.837598,-4.497796
,-0.665721,5.097783,-4.681170
,-2.800532,-3.493133,-1.603029
,-1.999454,-3.016150,-2.749634
,-1.187685,-2.957794,-2.333114
,-2.926108,-3.040783,-2.672747
,-3.303871,-0.870905,-3.673766
,-2.142992,-0.848508,-3.556245
,-1.984170,0.459710,-3.444208
,-3.287559,0.544764,-3.635933
,-2.987286,1.719535,-3.493585
,-1.776828,1.403329,-3.402587
,-2.567094,3.043700,-3.784815
,-1.465212,2.383065,-3.727257
,-2.040097,4.194970,-4.119828
,-0.907874,3.884580,-4.347123
,0.122182,3.550714,-4.102993
,-1.785728,-3.712457,0.520884
,-1.471494,-3.690738,0.266906
,-1.519362,-4.131598,0.507405
,-1.733287,-3.943151,0.545534
,-1.242665,-3.212830,-1.147602
,-0.552834,0.541782,-2.593252
,-0.659105,0.224817,-2.549268
,-0.887919,0.264638,-2.733413
,-0.740335,1.008305,-2.790426
,-1.045015,-0.792230,-2.845252
,-0.848251,-0.850022,-2.420464
,-0.948652,-2.830204,-1.981190
,-4.495716,-7.494091,2.110236
,-3.711045,-7.472303,2.339352
,-3.852554,-7.579930,3.204797
,-7.345501,2.961501,-6.288278
,-7.757748,2.844081,-5.492298
,-6.396520,9.689861,-0.195045
,-6.563166,8.906700,0.942012
,-5.448556,9.068716,1.305155
,-4.055610,8.827565,4.801201
,-1.718176,9.534081,6.539857
,-1.439402,8.407845,7.598684
,-3.793496,8.116786,5.817508
,-3.824400,7.580786,5.080577
,-3.547054,6.796084,5.647181
,-3.748032,7.277489,4.722583
,-3.428208,6.550998,5.268486
,-3.923826,7.019946,3.741464
,-3.486799,6.242315,4.172849
,-3.957660,6.411567,2.915051
,-3.284270,5.759347,3.258151
,-2.782336,10.466191,2.375375
,-0.969115,11.277723,1.411269
,-1.351416,11.449571,0.583886
,-3.664813,9.640702,3.092675
,-3.784798,10.099724,4.129565
,-2.848856,10.940663,3.913578
,-3.897081,9.677583,5.144266
,-4.558335,9.463045,1.983504
,-5.745632,6.000062,0.834485
,-5.876709,6.371968,-0.224921
,-5.463283,6.178817,0.632515
,-5.558077,6.338677,-0.796833
,-5.038549,4.114254,-2.041861
,-8.829955,0.142170,-5.015906
,-1.622849,-4.308083,1.028737
,-5.311682,-3.505560,-0.834007
,-4.818663,-4.006407,-1.101153
,-4.711260,-3.962310,-0.768527
,-4.976861,-3.748351,-0.589037
,-4.459590,-3.548490,0.510731
,-4.279544,-3.748366,0.211328
,-3.753438,-3.840758,-0.104218
,-5.532045,8.336797,-3.478678
,-5.695801,8.127675,-3.351810
,-6.342383,8.134043,-3.002447
,-6.454744,8.345942,-3.075773
,-7.376812,7.614371,-2.236346
,-7.385445,8.529616,-1.504007
,-6.159496,9.207244,-2.932201
,-7.222028,7.430676,-2.308012
,-7.057992,6.976974,-1.331874
,-7.336242,7.094885,-1.167631
,-7.320451,7.767936,-0.172706
,-5.116184,7.088936,-3.099977
,-5.366945,7.673113,-3.151672
,-4.938745,7.616689,-3.317336
,-4.770652,6.693159,-3.469859
,-1.612492,5.075182,5.569357
,-1.668251,5.373881,5.882603
,-2.738467,5.924891,5.652005
,-2.670106,5.683403,5.282138
,-3.588789,7.321898,6.173987
,-3.462336,8.072281,5.994400
,-3.305268,7.551797,6.201567
,-3.129418,7.642861,6.469445
,-3.319018,8.031572,6.412274
,-1.722312,5.666348,6.471684
,-1.651436,6.161736,7.100121
,-1.920213,6.784813,7.079602
,-2.725959,6.514763,6.236887
,-4.343175,1.794870,3.039957
,-4.813716,0.391313,3.475595
,-3.705778,-0.325871,4.341640
,-3.362719,1.392131,3.732047
,-5.483849,-1.217349,3.775543
,-4.285095,-2.468212,4.218519
,-2.444735,-4.046394,1.922114
,-2.679719,-4.009365,3.537802
,-4.343138,-3.285971,3.341238
,-3.757401,-3.420837,2.137586
,-5.991945,-1.928217,2.344053
,-5.843321,-0.886876,2.424623
,-5.878315,1.078462,0.916406
,-5.410055,0.415731,2.094161
,-4.883363,1.882907,1.880344
,-4.258051,2.861367,1.380174
,-3.848112,2.517105,2.442950
,-4.133024,3.292429,2.917479
,-6.456852,4.800056,-1.222987
,-6.190999,5.583495,-0.378266
,-5.910769,5.082183,-1.920771
,-5.614593,6.097936,-0.942774
,-5.416842,5.468940,-2.645776
,-5.148232,6.334746,-1.637512
,-5.190066,6.144069,-3.463987
,-4.897736,6.804746,-2.453776
,-5.263390,6.924798,-4.241799
,-5.048051,7.266477,-3.163364
,-5.564535,7.320730,-4.513386
,-5.384977,7.777752,-3.348114
,-5.958189,7.548351,-4.548943
,-5.852018,8.018022,-3.547776
,-6.573316,7.426325,-4.171632
,-6.580729,7.801754,-3.249899
,-7.203811,6.736246,-3.211982
,-7.220364,7.275210,-2.640176
,-7.209285,6.221920,-2.547336
,-7.117434,6.772730,-2.003076
,-2.902520,2.127108,3.097522
,-3.239474,2.463162,3.503282
,-4.215067,3.356768,3.248662
,-4.049662,3.537174,3.035308
,-3.118021,2.920069,3.508719
,-3.138309,2.785426,3.740993
,-4.464825,5.268425,-3.764439
,-5.008409,5.489823,-3.470375
,-4.918079,9.036741,-3.151261
,-5.373797,10.498210,-1.814031
,-2.314545,8.509878,6.864128
,-2.763503,8.604180,6.680351
,-2.693057,8.023416,6.673716
,-2.102023,8.052137,6.926637
,-2.261162,7.545460,6.829279
,-2.694057,7.389286,6.637667
,-2.075805,8.892891,6.659935
,-2.769199,8.969724,6.420015
,-3.172978,8.378639,6.493828
,-3.364712,8.498739,6.216962
,-2.621489,6.958220,6.360603
,-1.982635,7.179457,6.818494
,-1.781199,8.126499,7.011027
,-3.671649,8.793453,6.119581
,-1.737416,8.230769,7.403792
,-4.331671,-4.740538,-0.190839
,-4.257069,-4.904942,-0.487631
,-5.198026,-7.440290,1.650534
,-2.702228,-8.394497,3.647858
,-2.932798,-8.422881,2.552140
,-5.191118,-7.679155,1.063795
,-3.126616,-7.567198,3.336365
,-2.688793,-7.840045,3.689771
,-3.158437,-7.416393,2.406783
,-2.786548,-7.747875,2.586433
,-1.304654,11.521228,4.086884
,-1.350928,1.914076,4.048606
,-1.447634,1.862087,3.830028
,-5.236922,4.491442,2.166659
,-4.278908,3.633241,3.509990
,-2.572224,2.818117,4.167789
,-0.819231,3.019276,4.008085
,-0.688918,3.433869,3.936714
,-2.035023,4.442720,3.956754
,-2.282456,3.657895,3.963371
,-1.219138,2.267070,4.069274
,-7.551746,0.344374,-2.462729
,-7.080499,0.238804,-2.323340
,-7.202870,-0.333028,-2.413663
,-7.656457,-0.283084,-2.475079
,-7.630328,-0.448716,-1.758697
,-8.068089,-0.274904,-1.739083
,-8.100764,-0.176342,-2.334444
,-7.456511,0.631988,-2.501379
,-7.038054,0.549878,-2.372678
,-6.899445,0.799532,-2.525790
,-7.374689,0.859616,-2.651109
,-7.396984,0.838241,-2.757082
,-6.864874,0.818536,-2.762886
,-7.740780,0.209853,-2.972944
,-8.589756,-0.091410,-3.071760
,-7.860620,-0.088297,-3.082984
,-8.291354,-0.632649,-3.109575
,-7.940766,-0.588566,-3.038130
,-8.444284,-1.012131,-2.988211
,-8.044464,-0.956540,-2.938538
,-7.427942,0.437320,-1.497271
,-7.898120,0.547487,-1.623681
,-7.307637,0.875156,-1.691178
,-7.726119,0.966154,-1.797128
,-7.084262,1.488720,-2.063499
,-6.974053,1.761838,-2.295548
,-5.367738,4.894609,2.446510
,-4.587306,5.906247,2.586977
,-7.625130,-1.836176,-3.418972
,-8.169447,-1.102898,-3.652641
,-7.715089,-0.964056,-3.599148
,-8.028994,-0.718229,-3.731339
,-7.700398,-0.659903,-3.648058
,-7.980737,-0.210412,-3.888741
,-7.715198,-0.235208,-3.730031
,-7.974585,-0.065845,-3.993032
,-7.467888,0.027576,-3.891507
,-8.804161,-0.035446,-3.984353
,-8.711217,-0.332034,-4.172384
,-8.038761,-0.214329,-4.093106
,-8.725015,-0.754075,-4.232157
,-8.150932,-0.754947,-4.123770
,-8.778537,-1.149091,-4.199553
,-8.199981,-1.124984,-4.106723
,-7.939658,-2.016597,-4.679774
,-8.238482,-1.142449,-4.843633
,-7.919765,-1.080800,-4.720630
,-8.190677,-0.761847,-4.833111
,-7.881740,-0.764933,-4.713544
,-8.106951,-0.221274,-4.896917
,-7.853010,-0.270856,-4.738570
,-8.084662,-0.049702,-4.976027
,-7.528586,0.143252,-4.866456
,-8.748018,-0.105485,-5.308095
,-8.092285,-0.138423,-5.137276
,-8.675518,-0.528109,-5.642096
,-8.132366,-0.582264,-5.443725
,-8.698440,-0.883841,-5.800899
,-8.147991,-0.911245,-5.612595
,-8.035187,0.020521,-6.384219
,-8.557484,0.169043,-6.559089
,-8.615042,-0.160680,-6.798689
,-8.066256,-0.262553,-6.612323
,-7.933333,0.374103,-6.002785
,-8.557541,0.525898,-6.140210
,-7.930170,0.432694,-5.829794
,-7.327389,0.571151,-5.785944
,-7.760239,0.121050,-5.681437
,-7.973502,0.254818,-5.832638
,-7.763550,-0.304369,-5.898917
,-8.041091,-0.243270,-6.061694
,-7.775382,-0.576554,-6.072454
,-8.061727,-0.565580,-6.260185
,-7.736391,-1.399133,-6.479945
,-7.721483,-0.599702,-7.569917
,-7.924782,0.195504,-7.174345
,-7.636346,0.132407,-6.981645
,-7.877228,0.458659,-6.920547
,-7.606861,0.332918,-6.778419
,-7.751153,0.854065,-6.642231
,-7.530894,0.650289,-6.518954
,-7.616785,1.162638,-6.611100
,-7.129542,0.893351,-6.360287
,-7.283165,1.993997,-6.626031
,-6.665779,1.754015,-6.295189
,-6.798579,2.789587,-6.358630
,-6.310863,2.536557,-6.056359
,-5.715400,6.119944,-5.308787
,-5.405720,5.958960,-5.116006
,-4.497960,7.898745,-3.711759
,-3.579262,7.417007,-4.035431
,-4.125208,6.728940,-3.898221
,-7.987378,0.468645,-2.259056
,-7.829877,0.798697,-2.337199
,-6.941133,0.704799,-1.835439
,-7.003177,0.286527,-1.686202
,-7.177476,-0.449269,-1.819431
,-6.713177,1.202921,-2.136923
,-6.540601,1.483053,-2.448575
,-6.239038,1.634802,-3.281947
,-6.156775,1.892547,-4.363688
,-6.128583,2.221817,-5.438082
,-8.073146,-0.185477,-7.463067
,-8.512053,0.114838,-7.277503
,-7.755647,-0.186290,-6.586692
,-7.572334,-0.417844,-6.669116
,-8.126905,-1.013809,-6.457362
,-8.616605,-0.713683,-6.331653
,-7.840707,-0.815274,-5.614986
,-7.610006,-1.023506,-5.640264
,-7.631657,-0.850556,-3.098763
,-7.355626,-1.028449,-3.049228
,-8.144237,-1.565388,-3.524565
,-8.503459,-1.211596,-3.513724
,-8.328494,-1.634554,-4.793631
,-8.798393,-1.253770,-4.746339
,-7.896091,-1.070021,-4.190314
,-7.698731,-1.301078,-4.131660
,-7.300281,-0.718816,-6.900997
,-7.295531,-1.375893,-5.817816
,-7.429753,-1.719928,-4.144930
,-8.468952,0.490778,-6.933828
,-7.725827,0.044291,-6.411542
,-8.615369,-0.283363,-6.070042
,-7.828153,-0.526417,-5.482286
,-7.625345,-0.566952,-3.184513
,-8.305677,-0.717305,-3.608211
,-8.758312,-0.751547,-4.717659
,-7.863459,-0.752632,-4.227365
,-8.414212,1.007465,-6.643514
,-7.665244,0.357212,-6.108613
,-8.640448,0.216466,-5.911081
,-7.831676,-0.125064,-5.228362
,-7.628404,-0.150813,-3.223598
,-8.673856,-0.223235,-3.752491
,-8.761794,-0.324721,-4.855057
,-7.813138,-0.270842,-4.209044
,-7.382805,0.095072,-3.189120
,-6.713201,0.988854,-3.516459
,-6.817824,1.229341,-4.577941
,-6.662584,1.448754,-5.715532
,-4.278597,-2.576928,-2.011248
,-4.587377,-0.759344,-3.162774
,-1.821463,-4.129792,0.929330
,-1.911975,-3.915560,1.042193
,-2.204745,-3.855345,1.007716
,-1.663044,-3.879342,1.340115
,-2.070292,-3.751136,1.497606
,-3.724899,-3.297210,1.808872
,-3.921504,-3.399359,1.442180
,-3.224571,-3.065907,-1.179439
,-5.867834,-2.303427,1.548388
,-5.520209,-2.937225,0.955986
,-6.244796,-2.346361,0.266233
,-5.592824,-2.831233,0.192841
,-4.807947,-3.184629,0.575075
,-0.489186,1.732339,-3.163036
,-5.723324,-1.985179,1.843011
,-6.256878,-0.655689,0.741919
,-2.556573,-3.238878,4.286713
,-5.838305,-2.030777,2.989121
,-0.396309,9.147491,-3.489362
,1.259500,8.894661,-3.304633
,0.843032,11.076716,0.267779
,1.429855,10.194440,-1.861876
,-0.342830,10.250134,-1.979573
,-1.350205,11.352552,0.095194
,0.761434,11.111320,1.143322
,0.606517,11.079869,1.593475
,-1.562269,11.451565,2.438817
,-0.380258,11.550353,2.456396
,-4.493541,-4.409625,-0.888623
,-4.563592,-4.610110,-1.170124
,-4.586603,-5.232088,-0.978684
,-4.465699,-4.913287,-1.602439
,-3.134943,-4.786311,-1.393769
,-4.182089,-3.973879,0.195010
,-3.635708,-4.048404,-0.360536
,-4.936246,-3.748834,-0.211201
,-4.782990,-4.039363,-0.121116
,-3.987637,-4.319532,0.076740
,-3.424841,-4.406712,-0.458195
,-6.546314,-0.564264,-1.157375
,-5.987205,0.694824,-1.101954
,-5.222065,0.766549,-2.358066
,-5.471596,-0.587577,-2.121825
,-4.204017,0.746433,-3.519824
,-6.598605,-1.314057,0.527520
,-1.987000,0.965211,4.290343
,-1.532778,1.505975,3.783832
,-1.333712,1.847390,4.030959
,-1.180863,4.390242,4.709924
,-2.389334,5.071878,4.538058
,-3.873319,4.849430,3.493407
,-6.544982,6.134897,-4.979125
,-7.378357,5.805446,-3.936521
,-6.044134,6.274196,-5.170565
,-6.158699,5.229164,-5.925077
,-8.162811,4.711196,-3.331775
,-7.412968,5.425570,-3.140450
,-6.646082,4.018602,-1.763284
,-6.596003,4.646832,-2.138229
,-5.748115,3.940203,-2.327527
,-5.987675,4.570193,-2.470558
,-5.214615,4.214688,-3.315325
,-5.498172,4.863555,-3.265846
,-4.903581,4.611980,-4.473526
,-5.213022,5.436047,-4.239024
,-3.640579,-3.393247,-1.368185
,-4.226114,-3.362134,-1.773143
,-5.036375,-3.328974,-1.479560
,-5.237431,-3.523225,-0.005612
,-4.549176,-4.410689,-0.274081
,-4.424991,-4.357485,-1.560085
,-4.437874,-2.803464,-1.536662
,-3.789030,-2.824615,-0.963453
,-5.250864,-2.700771,-1.208356
,-5.700473,-2.658836,-0.775455
,-4.041700,1.702551,-3.444154
,-3.464257,3.388337,-3.938870
,-2.282412,-0.918100,4.692167
,-5.271193,1.693805,-2.515274
,-6.304985,-1.934099,-0.994773
,-4.838233,4.224285,-3.174712
,-5.483454,-2.277670,-1.701829
